272 973
22
0 140 278 14
1 25 911 11
2 182 445 19
3 185 865 5
4 38 208 3
5 195 244 6
6 24 604 21
7 260 281 0
8 59 154 22
9 140 93 11
10 40 21 4
11 35 164 1
12 26 765 7
13 89 282 2
14 150 379 12
15 70 875 17
16 136 460 18
17 134 518 10
18 19 108 3
19 52 92 3
20 245 915 13
21 50 422 23
252
144 180
158 734
152 12
237 63
123 133
203 875
100 899
188 112
0 732
20 569
70 637
260 779
55 773
185 30
66 412
58 111
19 388
20 281
239 323
230 810
191 599
150 719
23 510
222 238
143 940
244 382
95 787
180 821
94 879
100 691
145 58
250 229
9 428
162 650
29 45
191 20
83 705
218 139
18 608
186 77
71 940
110 676
254 510
155 959
19 930
230 965
268 52
187 190
128 78
132 325
146 966
103 87
113 198
148 173
237 212
247 635
253 726
175 22
192 961
2 731
116 761
211 834
151 224
174 368
265 940
33 505
20 159
236 426
55 833
110 341
157 556
127 150
259 799
179 256
83 572
52 722
16 559
17 58
27 304
125 72
60 725
233 775
237 436
118 832
102 614
158 414
133 771
258 168
233 472
128 84
247 965
62 307
251 831
173 797
89 433
92 333
64 718
214 413
237 96
261 454
228 19
231 274
51 457
12 102
168 867
208 222
217 528
70 679
71 839
19 749
41 271
38 952
152 766
0 529
158 738
5 192
26 578
114 356
49 779
103 334
50 763
122 843
125 595
164 237
43 237
154 517
203 7
159 550
160 104
236 816
209 381
247 118
168 35
133 286
82 293
214 528
2 593
221 501
93 140
89 16
257 102
248 906
150 394
64 281
37 838
261 515
207 195
240 607
106 506
215 649
208 241
14 691
8 601
165 701
185 858
109 773
140 237
0 109
100 217
205 113
20 618
149 422
115 498
8 683
119 60
245 901
22 658
115 558
166 493
206 369
19 237
117 107
103 170
39 787
175 830
265 78
28 636
104 296
190 846
230 531
180 359
270 582
148 648
0 472
88 222
263 667
254 90
194 17
230 874
196 78
259 933
43 502
238 69
80 728
206 64
64 172
121 779
243 500
122 529
246 728
112 900
4 307
171 616
118 571
194 63
67 427
145 47
165 963
270 318
101 115
155 35
232 27
87 435
26 667
228 416
206 173
112 899
125 346
215 950
219 879
108 468
62 71
145 438
201 71
210 262
230 346
235 298
51 623
258 81
76 664
32 160
41 244
235 879
248 180
207 687
135 448
201 455
221 513
256 64
251 576
92 266
237 86
98 396
12 660
265 728
9 861
132 903
17 766
79 599
19 695
267 249
270 376
