615 671
100
0 306 50 25
1 527 563 25
2 279 616 25
3 519 282 25
4 216 300 25
5 370 627 25
6 535 644 25
7 449 337 25
8 227 195 25
9 110 188 25
10 452 548 25
11 276 377 25
12 586 252 25
13 399 415 25
14 372 148 25
15 177 625 25
16 308 239 25
17 4 597 25
18 611 387 25
19 121 635 25
20 529 196 25
21 578 574 25
22 329 501 25
23 561 170 25
24 498 40 25
25 521 277 25
26 15 92 25
27 383 84 25
28 612 453 25
29 172 454 25
30 147 286 25
31 514 449 25
32 514 356 25
33 595 547 25
34 467 360 25
35 520 383 25
36 559 569 25
37 108 478 25
38 114 532 25
39 83 341 25
40 553 478 25
41 303 221 25
42 146 210 25
43 558 432 25
44 410 120 25
45 419 301 25
46 488 41 25
47 295 445 25
48 195 234 25
49 154 640 25
50 576 31 25
51 308 248 25
52 226 220 25
53 431 11 25
54 349 437 25
55 215 17 25
56 119 255 25
57 447 13 25
58 88 285 25
59 537 544 25
60 220 143 25
61 474 137 25
62 414 549 25
63 399 458 25
64 207 564 25
65 41 144 25
66 605 601 25
67 426 315 25
68 365 595 25
69 185 475 25
70 492 558 25
71 515 341 25
72 604 21 25
73 225 435 25
74 244 108 25
75 51 514 25
76 506 647 25
77 111 374 25
78 434 483 25
79 402 537 25
80 169 405 25
81 50 561 25
82 499 21 25
83 325 656 25
84 486 81 25
85 116 296 25
86 291 623 25
87 541 322 25
88 416 392 25
89 477 532 25
90 56 392 25
91 436 443 25
92 155 525 25
93 125 43 25
94 398 35 25
95 11 357 25
96 371 284 25
97 588 632 25
98 116 555 25
99 203 191 25
1000
486 214
60 191
344 290
230 305
92 570
299 315
450 295
69 344
404 312
384 444
19 162
95 398
455 246
126 140
217 550
421 120
556 211
271 478
25 266
551 381
71 184
205 75
508 284
547 99
317 126
95 155
169 669
586 308
356 579
504 468
365 655
190 249
561 431
36 646
143 359
246 263
564 476
3 636
263 149
438 82
245 531
485 179
229 331
179 646
507 653
406 355
314 15
614 516
41 38
376 154
50 28
49 424
293 54
555 651
266 433
566 485
80 389
67 356
20 584
411 670
565 115
310 306
160 410
552 347
300 403
361 668
541 298
204 568
208 496
211 94
22 504
598 314
245 352
334 578
62 327
377 107
188 169
422 497
120 665
88 516
27 296
567 267
292 456
79 271
488 467
42 388
32 525
308 485
378 443
278 566
127 0
570 561
558 616
286 175
22 602
452 155
173 588
223 54
74 582
228 346
111 638
186 372
505 86
224 208
91 542
483 11
51 87
297 524
495 297
140 108
304 122
529 442
575 59
437 182
147 293
353 184
46 139
225 180
85 478
135 217
217 547
229 62
573 656
547 449
564 265
28 507
252 263
214 338
518 222
439 323
463 47
422 15
429 335
57 371
85 336
286 651
229 621
322 256
459 286
555 54
544 339
414 600
609 86
22 653
32 29
336 108
213 445
370 360
294 41
306 375
177 420
535 624
168 404
354 497
226 201
24 656
439 156
455 394
470 509
439 528
340 94
330 561
489 507
478 122
165 334
79 289
324 396
84 5
320 372
272 293
67 133
70 210
510 122
441 147
171 439
210 622
512 188
146 628
297 417
440 216
188 97
352 122
231 207
100 633
101 154
563 475
42 130
407 94
284 151
457 173
608 315
469 258
545 600
30 392
192 143
276 396
496 20
177 155
395 294
390 404
64 318
401 361
239 276
193 245
425 423
554 545
125 146
46 547
316 213
213 269
113 246
264 464
428 451
544 201
575 619
311 272
499 343
96 593
337 223
385 426
289 363
386 327
500 242
515 329
38 332
295 665
37 341
98 163
250 430
394 652
499 565
410 269
368 319
421 610
175 215
352 31
188 592
318 61
287 309
371 324
234 663
410 649
306 189
396 604
128 313
246 666
337 451
338 46
591 139
108 551
72 555
99 627
128 668
78 177
23 299
591 41
405 388
510 343
557 399
558 543
357 72
29 448
52 419
33 9
143 436
601 381
262 50
266 152
485 457
556 419
77 667
216 233
387 319
554 595
601 487
85 439
119 377
58 287
41 522
427 126
554 607
140 601
262 414
80 315
452 255
307 93
201 190
460 388
392 577
382 376
348 472
262 58
465 336
285 15
294 187
296 241
276 209
25 606
180 155
131 666
248 633
269 184
197 101
295 423
294 438
201 28
41 131
441 659
428 104
462 186
206 50
304 575
552 58
72 112
460 422
261 534
278 514
393 71
349 347
109 301
325 164
161 544
456 631
242 344
517 354
44 559
419 302
160 230
506 52
482 562
508 242
249 124
213 278
446 244
211 209
598 424
546 315
369 645
207 606
289 348
460 500
446 174
592 496
369 23
445 327
245 517
232 57
144 626
266 585
51 382
181 450
559 345
190 5
106 591
46 372
483 444
167 653
528 317
489 477
466 19
82 623
318 499
291 329
565 280
227 418
388 661
200 64
32 484
30 320
593 636
45 473
570 389
118 213
398 435
329 39
519 101
167 659
128 665
58 448
219 618
245 139
388 89
469 577
220 589
69 276
132 559
290 50
408 490
140 324
493 307
181 26
569 260
202 342
352 355
163 540
58 338
188 648
52 618
183 37
121 35
494 631
555 148
341 24
547 386
335 2
239 107
447 448
86 192
143 159
18 327
483 366
217 599
564 2
428 494
334 280
488 538
152 183
611 240
566 394
126 603
437 78
134 267
423 521
191 581
145 458
127 427
241 35
608 387
43 348
251 47
586 575
358 54
360 124
78 51
242 193
177 622
506 11
83 152
327 604
77 159
366 20
555 447
327 367
327 194
172 212
470 411
199 328
205 58
196 228
288 322
541 40
83 660
176 547
163 284
186 462
409 411
290 518
135 116
285 414
379 184
203 591
443 21
539 17
237 614
503 96
25 132
204 113
404 349
212 533
582 467
346 163
480 286
157 100
434 130
387 541
479 176
331 246
308 563
398 479
162 371
481 563
63 449
290 180
341 541
259 434
446 508
427 122
503 240
71 201
85 196
395 395
418 430
510 407
525 212
289 562
407 268
472 323
543 69
614 633
518 101
346 664
274 247
412 606
296 478
232 561
202 311
356 52
501 599
464 592
438 116
416 123
611 395
18 137
72 82
411 665
202 638
476 131
582 20
437 543
440 152
320 353
52 313
239 427
266 197
557 465
533 538
564 125
110 356
609 286
110 495
415 332
522 458
311 367
64 348
492 22
499 91
525 535
325 559
335 120
480 489
431 280
299 110
431 60
217 265
222 327
193 263
268 536
366 133
40 42
150 569
52 257
347 79
567 551
182 76
504 85
95 450
466 368
63 584
143 601
136 479
211 162
253 395
405 513
357 381
146 36
286 176
135 153
363 133
276 444
87 455
504 168
144 200
459 669
269 194
522 303
301 418
281 661
121 323
340 542
445 25
139 13
19 643
55 487
406 597
375 213
273 243
319 576
588 317
115 155
302 257
35 506
535 546
242 278
296 438
400 373
147 6
57 459
472 90
589 171
6 229
188 606
412 244
98 148
440 64
100 498
562 477
182 66
9 253
458 321
427 393
429 261
567 96
451 391
299 408
312 477
319 85
175 0
315 663
53 296
353 579
596 295
297 317
399 202
178 122
65 292
477 538
488 164
117 57
334 266
88 139
517 232
7 200
35 146
117 513
173 305
269 60
236 554
532 179
335 287
384 235
186 610
480 427
273 333
224 291
504 353
420 150
240 609
443 609
579 166
572 341
276 242
353 405
286 464
415 170
80 39
82 329
569 382
345 138
5 349
431 119
322 368
417 35
380 322
119 446
556 344
228 233
158 103
263 285
599 244
326 96
289 639
48 583
535 71
79 384
581 302
373 488
220 332
338 199
564 130
504 172
0 437
428 633
156 71
576 357
485 648
36 69
498 501
319 47
487 442
557 56
52 642
399 87
272 218
236 656
450 325
272 664
119 527
243 491
355 520
293 241
482 217
153 337
29 534
505 415
162 428
96 281
150 563
148 416
544 145
189 442
582 104
525 121
396 564
492 364
583 486
356 142
559 105
276 85
123 110
465 340
593 73
568 430
144 619
307 167
406 599
381 105
408 575
377 585
338 30
461 419
416 583
104 387
491 129
549 143
351 326
278 567
378 523
383 319
146 139
128 91
271 499
496 94
398 300
580 56
70 302
482 225
189 281
249 265
204 667
362 581
572 578
271 552
504 604
546 523
41 193
483 396
45 601
591 276
127 360
515 4
414 503
241 283
314 383
391 525
255 166
76 132
61 208
10 291
188 549
460 622
21 226
25 379
500 350
187 456
257 474
117 443
7 330
415 492
101 112
478 523
209 670
359 588
331 376
188 644
445 107
513 377
579 131
458 320
519 34
348 425
328 324
536 286
62 668
258 596
392 639
276 349
20 145
556 464
573 213
325 151
119 30
326 28
0 400
44 596
76 200
590 135
96 195
333 109
186 669
397 191
324 567
34 113
254 22
577 133
63 371
284 573
592 235
495 325
275 185
331 595
510 446
101 507
78 515
172 93
260 602
71 154
464 362
388 308
397 348
462 43
181 421
18 409
298 388
479 298
74 243
240 279
432 362
289 636
161 623
445 318
255 289
242 11
83 368
563 100
418 195
424 395
253 212
594 216
50 612
115 476
127 405
420 350
321 519
36 376
136 541
531 523
359 223
553 362
256 588
311 186
508 411
144 207
87 285
534 3
542 655
15 306
141 398
275 310
251 441
27 383
369 528
478 472
291 306
493 333
184 334
301 15
360 105
76 349
213 475
508 435
324 659
66 33
383 261
77 452
549 259
341 49
609 349
22 338
565 436
48 140
67 86
373 150
305 344
92 496
456 586
413 616
418 551
525 584
326 195
132 541
202 223
303 543
595 581
280 500
394 208
301 605
127 79
509 10
143 155
37 568
77 188
543 611
446 333
455 89
560 138
261 118
258 627
328 561
606 98
220 556
105 108
244 624
182 190
472 328
173 28
133 188
221 8
487 521
212 186
210 400
513 217
433 76
90 159
290 314
531 222
128 657
397 36
71 57
67 347
45 208
259 37
280 177
2 440
453 367
446 216
410 97
551 4
97 516
19 323
311 200
97 383
258 491
246 474
418 258
131 199
434 202
568 223
613 183
83 363
352 583
287 578
5 62
443 89
311 426
581 651
611 182
482 326
415 43
22 179
503 618
415 273
99 433
457 26
296 151
540 648
385 585
269 634
594 545
259 587
513 216
30 127
5 21
335 105
532 37
579 259
215 109
122 312
48 359
295 57
322 170
263 266
315 257
613 411
176 178
111 474
382 530
132 307
417 136
103 616
462 592
